601
201	2
215	1
243	1
0	0

602
238	4
243	3
263	1
295	1

603
219	2
244	2
277	2
0	0

604
244	2
246	2
274	3
0	0

605
218	3
249	3
269	3
0	0

606
218	2
244	2
251	3
318	2

607
320	1
203	3
213	2
232	2

608
204	1
216	1
234	2
0	0

609
206	4
215	1
216	1
0	0

610
219	2
274	2
288	1
0	0

611
219	3
224	3
262	2
263	2

612
321	1
224	3
236	3
0	0

613
204	5
245	1
259	2
0	0

614
217	2
247	1
253	2
0	0

615
218	5
247	3
0	0
0	0

616
248	3
249	3
0	0
0	0

617
322	1
209	3
218	8
219	8

618
217	1
227	1
0	0
0	0

619
217	2
228	1
245	1
0	0

620
218	2
229	3
0	0
0	0

621
323	1
213	3
225	3
0	0

622
217	7
218	2
265	1
0	0

623
324	1
209	2
267	5
284	1

624
201	2
204	2
217	1
0	0

625
218	1
248	1
295	2
0	0

626
203	3
218	3
254	3
0	0

627
325	1
296	2
297	2
298	2

801
201	1
234	1
0	0
0	0

802
201	3
0	0
0	0
0	0

803
201	2
214	2
231	3
0	0

804
201	3
205	3
231	2
0	0

805
204	5
217	2
272	1
0	0

806
220	2
227	5
253	2
0	0

807
217	3
218	1
259	5
0	0

808
201	4
214	3
290	2
0	0

809
202	10
206	3
220	3
0	0

810
809	1
219	3
275	3
316	2

811
201	6
202	3
221	1
0	0

812
227	4
260	2
285	2
0	0

813
203	10
207	10
221	2
222	2

814
813	1
208	3
207	5
212	3

815
203	5
260	2
292	2
301	2

816
202	5
222	3
239	3
256	1

817
202	5
221	3
310	2
317	3

818
813	1
208	2
236	6
304	1

819
326	1
229	5
266	1
304	1

820
202	5
225	1
306	3
232	3

821
801	1
225	3
0	0
0	0

822
821	1
213	5
305	2
314	2

823
204	2
0	0
0	0
0	0

824
205	3
0	0
0	0
0	0

825
206	3
204	4
0	0
0	0

826
207	3
219	1
0	0
0	0

827
208	3
219	3
0	0
0	0

828
206	3
207	3
208	3
209	1

829
204	2
210	3
0	0
0	0

830
211	3
219	1
0	0
0	0

831
212	3
219	3
0	0
0	0

832
206	3
207	3
208	3
213	3

833
212	7
253	1
278	3
0	0

834
327	1
213	3
226	1
304	2

835
265	3
266	2
267	1
307	3

836
330	1
226	1
283	3
314	1

837
328	1
244	3
280	1
0	0

838
329	1
223	5
238	7
318	2

839
204	1
234	1
0	0
0	0

840
202	7
218	2
219	2
0	0

841
840	1
211	3
212	3
228	5

842
841	1
235	4
280	3
307	2

843
206	2
210	2
0	0
0	0

844
205	1
206	1
207	1
210	1

845
201	1
290	1
0	0
0	0

846
271	2
272	1
309	2
0	0

847
206	3
207	3
291	2
0	0

848
206	3
236	6
241	3
0	0

849
205	6
222	2
239	3
0	0

850
845	1
218	2
280	1
0	0

851
845	1
224	3
236	5
0	0

852
223	3
306	4
0	0
0	0

853
203	3
218	2
221	3
222	3

854
270	1
235	2
293	3
0	0

855
311	1
208	2
209	2
0	0

856
332	1
0	0
0	0
0	0

857
207	2
214	3
250	2
0	0

858
286	1
257	3
300	3
302	3

859
205	10
206	10
207	10
307	3

860
331	1
209	2
293	3
302	3

861
333	1
312	3
0	0
0	0

862
334	1
227	2
0	0
0	0

863
335	1
217	15
218	5
0	0

864
336	1
222	2
0	0
0	0

865
213	5
324	2
325	2
327	2

866
218	7
219	3
281	2
292	3

